$ANSIBLE_VAULT;1.1;AES256
34353137643063303537656263363565346132636630303136666237353562616262616639386132
6565646539623764636432646536613932323533333963630a336166313431333430636130323234
33613165343162313736663231633730306539626563396630646466663564356539623763363138
6661323032653864370a646565333036653134623066646433316466613535663235326533663961
61323932396566316630393337393238326661666462613538396236616263356561303633636266
39363337613431616463663539303266646533303966363634373633656261336265386162666166
39633138323231633838343866633337323337386430663933636532376163643266316239366438
30326164346631333538643034386635643862306463353237383336333930626564363132353939
36663862336633343262663933613961393663353435386266353630336663386333383931373739
66353230613233616262306465333461346161353230666566643935653833363237646635643365
34346134316564393033623737633666313133636664643964316131383463333932316663636338
37646361636263383836383334356565663832336239393666633437333436303636313834356637
61363631646432323232616630663535313561313361353432653834626462326264626636643036
30343831393934663164386137323665303533343331316165303334383766646135633962393564
39346133333236383665396538356234633865626461343533306639383833303436373239653462
37333139346435366661623432356631313266383830656135636433363762323239653536306136
31623966363935326631353065646464333534626333653833613433336562633465336235623261
66633166666664626663656462393964373766646233646630646635356435666134666462306234
66656232636261626238646364393666376135336335636330326364353139656438623435336466
36313366306234363462616231393033363733656538643262633436643437373863303965663664
64313966333433383939316232313536666639386135646265653566623737333265393962386437
63626535376565313564643031373439646164616166333133326137373563646135306530366266
35663762616539613038306238623432666239623333626632306235326363656463396639646433
62633230663765323164356161313566346237383961636166643439366134623164316534326138
35616639306435643032633930356161313236326330623865343666363665346536663337346264
35363031346263326363623133616132303535313966353766326634303765656265393565343334
63633734366366323436633161306136376465363663346630393364363832306131316465613237
66326332626363646233323564313837376531643862393163613865333133386664643630303234
37613534333939386433613265316166323263353733323138303331396365306636663837386363
66363763646332323765363464376634343939626166366237316631663336653830336562303562
31646635303338656361616533383464393863363337353838383731356263633233383733613332
34303930366465623933333363633061343763626633643535346535356265396563366332303066
62646566346535356664663530356466646135373033323564656566636262373936643136396535
34383836666264356431353534613365636638666331633266333236623831346238323836613733
65313765353835343763386632383031303966623934383039373161623135306365356435633932
64323266306531646237653933383164613534646164373737663235663939363431316162343937
63386562313737336138336461626366646236326164663263333936396461356630623331353065
63366135386431643866626464396239343536323739633337336232333762373635323364383838
37636533666661343437626266353733393761323234643831613137396466393137383062316633
66666464303864616361393334656434393034336337646435363333343935643765666661636562
66646533643539666437363731346638313566336630336430653733343535343738363135373565
61326439616462623963393238643933333864303235306132333434383764613562323136666339
39363430653237386639303039663330373231616635303930356536366233336234323632653337
33313561386330386234376666643631313932353832306232396663336331613838313037393033
63386239626165313239366136366366366339653334356562646631313261663764376537313334
35346364663761623833643434643365396666616236643565393634313936303437363836656433
35323633643233643230313362383736373430333435656633633064383133333366636430653863
31363538613034633637633561356438386632306462393063663138346131626235393636646462
31303636396138636238366164656430383662633763393965393036656334323635306438353134
31643535613362303563626639393834616234396533336262656531613730333937613534633466
32313432666530663032316438366631353266666339353564336530626362636435633335376633
30656235383333313732343830323265343762393663616561373661616630393262626632336266
64663964336632666562336335633230393830333139333065653839653665356637646632326233
30623930316365663139353461363733616361353263383064353734326665383166373132316434
63376363306132633635626662623564323930346566653236303830343733326439643565383566
66636638643235623932626433343334643361646439373865666631393039333563373538613561
32636561373734383235613965353065323537303864666430316433663633333964653462303039
38333931656138363131313136323362383463393730366236323463343236393839653136333664
65383166303732646462363833363364366161653161316565663236326131366630663632613234
34393532306664356639383864616135363630353238333839366236633331653538636331393966
32313663633363323761313433363065393831656136643132643766623761323364366464646432
36656261343163343761663366353862363331383933626438623836376531343566663863356637
32343437366465336332306566316239653266376566623363303661303031373165653838343034
64626261353964626262366161333765353334623531663234343432636363613162346233363036
62323634366530333534383934646332313239633231333932396135366265316333356464323465
63363439383638393230383638653263313066646664353733633436393334623866613932663434
61643031646634393036633563666230303135353735616539303731623261613061303430643037
33366436303138666333366237623764663838366232383366303630616335616661326666343363
35383063613831626534663136386531623864356137346431303232363361643232333764383432
37326536626364346537373537353533333430366333393161343561343962343734666666323636
66636330373931323436353564393733373733356235633064396133653532313731373864666462
64653763653732383166353839383235633761333931613135336632346466356362313063313636
61666630666531653739373466633838623439353661656638303363373365313237356337656137
32303436393031383964376333346563333932363261636237616565376635303231303663653033
65376432313336643664353562366361333133656264343534653037326131306665386665316634
64656337656237306533613561643733373365643435333436366164633531393233346639373635
63373538306331346135326136633630356239633330343138326263636339363530336164386165
39363262343630356135626530373866366662316261613239623832353436366335326139663831
62313139626365316166656236323764313637356435383533313963386538656433383538613733
33393765386632323836623033653966613664333963333130616534373266363539363337643766
32343261333532336266323865333762643763666538393931356635313139616332316263623139
32623661303732313364383532356434336132393463333433353637653532313262346465323861
38363838356461366231336162316563613831393862353233643863633434313834333966613864
39633866363330346539333962366466333934623137663565313639666439396431343761373162
66396332326439633539666233383265363232323163643862363731343663613661356637643364
63343362616165326431313065636630346566343934396564653932646266396464373534663563
30303361656237333665666562646462343864383539376563663734333932646465356664333161
62366635666437343930313133616539323965353834656231363134373238643437663130343061
31363763333865363034373936323339376238663235633762626538336530623964613339343436
64343963316639616532326631663464613262373739323661623534666330643537343734303464
31323664353963623662333430326365376565356661656537633738616566346638383561326362
37353363386434306266636431326630316566313663376433346639343332633032653836633066
61356263663833353066373265383231363039373461346262386531636239326435336666666638
39336339626566633035383464643862383164303963653630313433663463653339396438613264
66633938633933663965346338373164353761613639383436666235643662653466333532383933
39646237353162353763333264306435316562386233616164396233346630343333393865386462
63383534316130386162383665666337326166643033323938376635373638646531343431316536
30336132663963323336653562396236303031376636636331393837636432376137636364633065
33333438353435656665623465363137303738333834356231353965383633646433663366303966
61643837663031613434
